
6.476676391746411
5.932360971939733
7.681815732217068
7.671847879527162
6.429014170560519
5.915581161137391
9.396885373657062
10.12445205372426
4.4769559793871245
4.118346211091378
4.98650088937692
9.289670613159684
3.1816155185527215
6.342475786191072
3.0484480768765483
4.428005228800464
10.584883566297156
6.653370324418978
13.691951603022217
7.698019654987425
6.102236020992455
4.916196713075129
9.306952676841153
4.037415224552326
5.913751605334156
2.725825682961034
4.841346597084714
8.262807404179398
14.673018982985287
5.084808137619762